   8       0 sda 538005 26883 18271090 247248 623990 801878 30098374 731499 0 139464 363580 0 0 0 0
   8       1 sda1 278 890 12914 229 2 0 2 20 0 148 252 0 0 0 0
   8       2 sda2 264 29 11452 215 4 2 12 5 0 100 216 0 0 0 0
   8       3 sda3 537384 25964 18242172 246570 467197 801876 30098360 333175 0 133312 365440 0 0 0 0
 254       0 dm-0 15843 0 149362 10712 985 0 7840 464 0 3516 11176 0 0 0 0
 254       1 dm-1 61113 0 3135834 63872 6970 0 55712 7680 0 19864 71556 0 0 0 0
 254       2 dm-2 479482 0 14543522 204944 885338 0 25894080 823320 0 273368 1028388 0 0 0 0
 254       3 dm-3 563 0 9928 1540 246407 0 2491064 881092 0 21428 882636 0 0 0 0
 254       4 dm-4 8789 0 367194 9880 152527 0 1566952 75136 0 57732 85028 0 0 0 0
 254       5 dm-5 468 0 27474 2004 36885 0 477856 21628 0 19332 23624 0 0 0 0
 254       6 dm-6 120 0 5386 404 9 0 24 12 0 324 416 0 0 0 0
   7       0 loop0 242 0 2524 73 0 0 0 0 0 56 68 0 0 0 0
   7       1 loop1 58 0 2096 160 0 0 0 0 0 72 136 0 0 0 0
   7       2 loop2 0 0 0 0 0 0 0 0 0 0 0 0 0 0 0
   7       3 loop3 0 0 0 0 0 0 0 0 0 0 0 0 0 0 0
   7       4 loop4 0 0 0 0 0 0 0 0 0 0 0 0 0 0 0
   7       5 loop5 0 0 0 0 0 0 0 0 0 0 0 0 0 0 0
   7       6 loop6 0 0 0 0 0 0 0 0 0 0 0 0 0 0 0
   7       7 loop7 0 0 0 0 0 0 0 0 0 0 0 0 0 0 0